7 (3,5)
7 (5,3)
6 (2,4)
6 (4,6)
5 (6,2)
6 (2,6)
5 (5,1)
6 (3,2)
7 (5,7)
6 (1,3)
5 (4,3)
5 (4,7)
5 (3,8)
5 (2,5)
5 (6,5)
5 (7,1)
5 (2,7)
5 (6,3)
5 (6,6)
5 (8,1)
5 (2,3)
5 (8,3)
5 (8,5)
6 (6,7)
7 (4,1)
9 (2,1)
24 (8,6)
85 (4,8)
177 (1,1)
350 (8,7)
507 pass
7 (5,6)
6 (3,4)
6 (7,4)
6 (4,3)
5 (8,3)
5 (7,6)
5 (1,4)
5 (6,6)
5 (1,2)
5 (7,3)
5 (6,8)
5 (5,8)
5 (5,3)
5 (5,1)
5 (8,1)
5 (3,3)
5 (3,7)
5 (1,1)
5 (7,1)
5 (3,8)
6 (2,7)
7 (3,6)
7 (1,8)
7 (8,8)
7 (6,1)
8 (4,1)
26 (1,5)
80 (2,6)
212 (8,6)
350 (7,7)
507 pass
8 (3,5)
8 (4,3)
7 (5,3)
7 (2,3)
6 (6,4)
6 (5,6)
6 (3,6)
6 (6,6)
6 (4,2)
6 (4,7)
6 (4,6)
6 (6,8)
6 (2,4)
6 (3,7)
7 (2,6)
6 (4,8)
8 (1,6)
8 (3,5)
8 (4,3)
7 (5,3)
6 (4,2)
6 (6,4)
6 (6,6)
6 (2,5)
6 (7,3)
6 (4,6)
6 (7,5)
6 (2,4)
6 (2,7)
6 (7,6)
6 (1,3)
6 (5,8)
6 (7,2)
6 (5,2)
6 (2,2)
6 (6,2)
6 (3,3)
6 (1,7)
6 (2,8)
7 (1,1)
8 (6,1)
8 (8,6)
12 (4,7)
56 (8,2)
111 (7,7)
216 (7,8)
474 (5,7)
459 pass
8 (5,6)
7 (2,5)
7 (5,3)
7 (5,8)
7 (3,4)
6 (2,2)
6 (6,6)
6 (2,4)
6 (7,7)
6 (7,6)
6 (7,2)
6 (6,1)
6 (4,7)
6 (2,3)
6 (6,4)
6 (2,6)
6 (4,2)
6 (4,6)
6 (3,1)
6 (7,5)
8 (3,5)
7 (5,3)
7 (4,6)
6 (2,7)
6 (6,7)
6 (6,4)
6 (2,4)
6 (1,4)
6 (3,7)
6 (5,1)
6 (7,5)
6 (7,3)
6 (3,3)
6 (2,6)
7 (4,7)
6 (2,3)
6 (5,8)
7 (2,8)
7 (6,8)
8 (8,8)
8 (7,7)
8 (8,2)
8 (4,3)
8 (1,7)
10 (1,1)
13 (8,5)
23 (1,2)
40 (8,6)
70 (7,6)
140 (4,1)
311 (6,1)
490 (8,1)
481 pass
8 (3,6)
7 (4,3)
7 (3,4)
7 (6,5)
6 (1,5)
6 (3,7)
6 (5,2)
6 (1,8)
6 (5,7)
6 (2,3)
7 (1,3)
7 (4,6)
6 (3,2)
6 (2,1)
6 (7,5)
6 (1,1)
6 (5,1)
6 (6,7)
6 (5,8)
6 (7,4)
8 (2,6)
8 (6,3)
10 (2,4)
10 (2,2)
11 (2,8)
12 (8,4)
30 (7,1)
61 (8,6)
233 (7,8)
368 (7,6)
516 pass
